508481
648427
181195
071550
318354
985734
181372
959562
264578
005725
113174
687794
155408
899970
347035
178079
837651
833866
450217
548376
172823
504429
328879
773759
287900
558158
166808
160390
837698
205663
189212
348554
356963
829523
958454
929434
461857
322673
077461
109747
880220
712333
220042
775725
130395
281956
271532
878835
432987
529440
132119
757278
134919
079861
855046
564972
040533
677526
731285
788287
537248
552353
386968
338006
107138
571779
957896
873662
812819
986406
008286
912811
505602
144554
718778
765003
981170
599343
180397
840286
673789
646453
372677
020934
546029
536813
264723
091880
082027
978333
864291
011862
236577
099721
421073
583726
340223
950690
021205
245127
985104
385433
873399
765156
114682
580266
697037
081782
857623
431614
321071
391755
452927
035672
297376
269737
602605
194247
659526
856657
129774
702498
296184
590349
448910
831747
567455
793520
318134
279797
783437
979469
539542
559921
567255
566638
829521
680650
725871
817986
973050
656690
496404
164011
664256
080963
957852
179722
976786
105558
879428
053112
135041
886454
671826
097729
749932
538941
490800
762404
396509
097400
377951
735651
031727
803299
443677
520861
243254
514271
664962
664499
345199
388999
628894
834412
004006
090698
108100
990302
555332
067742
403229
755216
671437
601887
468578
107445
481993
676500
152818
232540
805207
272144
253396
277524
553740
988830
694700
071020
111733
891266
104061
882953
514133
672921
660364
926110
096710
316351
586659
583685
830119
449649
517697
470780
478746
628425
701544
474085
976831
593105
318519
741673
341509
351945
097467
765174
553279
745599
884579
940538
528970
421332
143533
795440
133967
483322
625175
494397
293117
877611
793863
922414
957305
128885
063823
648015
803171
140417
134959
586065
718002
157409
281798
090760
757064
405462
915330
764717
776861
294507
577020
504430
427113
580895
074654
638920
525511
475093
940412
622689
139200
308388
636771
233106
816351
702722
154596
698214
450470
950989
971399
764655
120119
731867
475804
971647
848732
273219
345742
669729
400428
316388
678745
066610
489719
566770
493603
150848
001118
225543
018500
867836
981267
448519
561215
414640
462244
045481
589153
817388
434415
209563
817044
927937
052404
091403
341444
567030
875722
400480
775119
609568
882000
307297
979647
846495
007853
046305
983983
317253
137208
023948
131445
403946
483007
630581
192128
673800
892997
686799
387174
086466
567132
395178
360204
348028
425963
710463
702991
408429
540735
415998
172493
980867
972196
531762
926826
857739
820872
310552
172351
802586
580535
412114
228646
607691
866005
790972
653604
492639
400130
962933
164040
638092
157744
335598
956416
408856
250888
444498
898048
018442
091312
593990
505304
920339
393983
911482
921812
153699
663386
862050
573251
637221
836771
688424
919280
252466
580925
873241
413280
151553
202484
908731
503278
323570
122475
133390
648627
392586
748416
709108
683592
058383
732891
101298
842866
464001
147414
475198
250344
756681
197085
576253
018538
158615
442786
573241
245282
895852
591493
059583
892990
468465
701171
140869
947226
160904
155264
666867
013405
582256
961428
547400
691390
662307
442290
468769
626721
986866
867407
483878
562371
351892
209615
046271
748888
000720
455613
082685
051429
859359
064058
433789
402564
320355
327663
875432
678914
481183
856211
343424
675348
034874
335031
194599
659691
405752
609126
914586
703983
945113
078625
153337
249323
080800
980557
117818
777594
216542
166872
600946
084766
073747
724170
184671
455788
446450
